0 0.19296875 0.22890625 0.1375 0.43984375
0 0.57109375 0.21796875 0.1375 0.4359375
0 0.75546875 0.22421875 0.13359375 0.43984375
0 0.39140625 0.7421875 0.1421875 0.4796875
1 0.2 0.72890625 0.1421875 0.50703125
0 0.3890625 0.2359375 0.12890625 0.44453125
1 0.07734375 0.49453125 0.14609375 0.43828125
0 0.87109375 0.46015625 0.15078125 0.49296875
0 0.76875 0.73359375 0.15078125 0.515625
0 0.66875 0.484375 0.1375 0.4625
0 0.5796875 0.71328125 0.146875 0.52890625
0 0.4796875 0.4578125 0.1421875 0.4796875
1 0.29296875 0.478125 0.13359375 0.4578125
0 0.95546875 0.7421875 0.0890625 0.4359375
0 0.953125 0.25546875 0.09296875 0.4046875