0 0.18509615384615385 0.6177884615384616 0.09615384615384616 0.2692307692307692
0 0.30288461538461536 0.6153846153846154 0.10576923076923077 0.27884615384615385
0 0.65625 0.6177884615384616 0.09615384615384616 0.28125
0 0.4182692307692308 0.6129807692307693 0.09615384615384616 0.27884615384615385
0 0.7716346153846154 0.6129807692307693 0.09615384615384616 0.27884615384615385
0 0.5336538461538461 0.6129807692307693 0.10576923076923077 0.2860576923076923
0 0.8798076923076923 0.6105769230769231 0.10096153846153846 0.27884615384615385
0 0.07451923076923077 0.6153846153846154 0.0985576923076923 0.27163461538461536
0 0.7043269230769231 0.46634615384615385 0.07211538461538461 0.25240384615384615
0 0.24519230769230768 0.47115384615384615 0.0985576923076923 0.2668269230769231
0 0.12259615384615384 0.4807692307692308 0.10096153846153846 0.27163461538461536
0 0.8149038461538461 0.47836538461538464 0.0625 0.2764423076923077
0 0.3629807692307692 0.47115384615384615 0.08173076923076923 0.25961538461538464
0 0.47115384615384615 0.47596153846153844 0.07692307692307693 0.2668269230769231
0 0.12259615384615384 0.5288461538461539 0.03125 0.18028846153846154
0 0.24759615384615385 0.5288461538461539 0.028846153846153848 0.16105769230769232