0 0.184375 0.7109375 0.096875 0.478125
0 0.303125 0.70390625 0.10625 0.49453125
0 0.65546875 0.7109375 0.0953125 0.5
0 0.41875 0.7015625 0.096875 0.496875
0 0.7703125 0.703125 0.09609375 0.496875
0 0.5328125 0.70234375 0.10625 0.509375
0 0.88046875 0.69609375 0.1015625 0.496875
0 0.075 0.70625 0.09921875 0.484375
0 0.703125 0.43984375 0.07109375 0.4484375
0 0.24375 0.44921875 0.09765625 0.4734375
0 0.12265625 0.465625 0.1 0.48359375
0 0.81484375 0.46171875 0.0625 0.490625
0 0.3640625 0.44921875 0.0828125 0.4625
0 0.47109375 0.459375 0.078125 0.4734375
0 0.1234375 0.55 0.03046875 0.321875
0 0.246875 0.55078125 0.02890625 0.2875
0 0.8828125 0.4291666671875 0.89296875 0.45416666718750004 0.9125 0.47222222187499996 0.91484375 0.68194444375 0.92265625 0.6958333328124999 0.9265625 0.6958333328124999 0.934375 0.640277778125 0.93203125 0.6236111109375 0.9328125 0.4760416671875 0.9359375 0.459722221875 0.95 0.45 0.959375 0.42222222187499997 0.95390625 0.3611111109375 0.96953125 0.30694444375 0.97109375 0.259722221875 0.9609375 0.23055555625 0.94921875 0.2166666671875 0.91640625 0.20833333281250002 0.88671875 0.215277778125 0.87421875 0.23194444375 0.86640625 0.25833333281250004 0.865625 0.2791666671875 0.8703125 0.3111111109375 0.8859375 0.35972222187499997 0.8828125 0.4291666671875
0 0.5578125 0.427777778125 0.56171875 0.4166666671875 0.57734375 0.41111111093749997 0.57890625 0.6458333328125 0.57578125 0.665277778125 0.5796875 0.7041666671875 0.58828125 0.7166666671875 0.6 0.7 0.6 0.6638888890625 0.590625 0.647222221875 0.5921875 0.46805555625000006 0.596875 0.45555555625000005 0.61953125 0.44444444375 0.6265625 0.4291666671875 0.6265625 0.40555555625000006 0.61953125 0.36805555624999997 0.63359375 0.322222221875 0.63671875 0.27638888906250003 0.63046875 0.2486111109375 0.61953125 0.23055555625 0.58828125 0.2125 0.56796875 0.225 0.5546875 0.2416666671875 0.546875 0.25833333281250004 0.540625 0.290277778125 0.5421875 0.32083333281250004 0.55703125 0.377777778125 0.553125 0.4236111109375 0.5578125 0.427777778125