0 0.04130162703379224 0.25149700598802394 0.04505632040050062 0.3373253493013972
0 0.08385481852315395 0.25349301397205587 0.02753441802252816 0.32934131736526945
0 0.16896120150187735 0.2554890219560878 0.06758448060075094 0.31736526946107785
0 0.25406758448060074 0.25748502994011974 0.07259073842302878 0.32335329341317365
0 0.3354192740926158 0.25948103792415167 0.07133917396745933 0.3253493013972056
0 0.4130162703379224 0.25149700598802394 0.07008760951188986 0.3153692614770459
0 0.49687108886107634 0.25149700598802394 0.06633291614518148 0.3193612774451098
0 0.571964956195244 0.25349301397205587 0.06508135168961202 0.3213572854291417
0 0.6520650813516896 0.25948103792415167 0.0625782227784731 0.3153692614770459
0 0.7284105131414268 0.2714570858283433 0.07759699624530664 0.3333333333333333
0 0.8135168961201502 0.2754491017964072 0.07759699624530664 0.32934131736526945
0 0.9161451814768461 0.25349301397205587 0.05006257822277847 0.3413173652694611
0 0.9662077596996246 0.25149700598802394 0.04630788485607009 0.36726546906187624